33
33
33
34
34
34
34
34
34
35
37
39
41
42
42
41
40
38
37
36
35
34
32
31
31
31
31
30
31
31
32
33
34
33
31
28
27
29
34
45
63
89
122
154
177
182
163
127
84
46
23
16
18
23
25
25
24
23
24
24
24
24
23
24
25
26
27
28
28
28
29
29
30
30
31
31
32
32
33
33
34
35
36
38
39
39
41
42
43
44
46
47
48
49
50
52
52
53
54
55
55
55
55
55
55
54
53
52
50
48
45
43
41
40
38
36
35
34
33
32
31
31
31
30
30
29
29
30
30
31
31
30
30
30
31
31
31
32
32
32
32
32
33
33
34
34
34
34
34
34
34
34
34
34
34
35
35
34
34
34
34
33
33
34
34
34
33
33
33
33
33
33
33
33
33
33
33
33
33
33
33
32
32
32
33
33
33
33
33
34
35
36
36
36
35
35
36
39
41
43
43
42
40
39
38
37
36
34
33
31
31
31
31
31
31
32
33
34
34
32
29
27
28
31
41
57
81
112
145
172
184
176
149
110
71
42
26
22
23
25
25
24
23
23
24
24
24
24
24
24
25
26
27
28
28
29
30
30
31
31
31
32
33
34
35
36
37
37
38
39
40
41
42
43
45
46
48
49
51
52
54
55
56
57
58
59
59
59
58
58
58
57
55
54
52
49
47
44
42
40
39
37
36
35
34
34
33
32
32
31
31
31
31
31
31
32
32
32
32
32
32
32
32
33
33
33
34
34
34
34
35
35
35
35
34
34
34
34
35
35
35
35
36
36
36
35
35
35
35
35
35
35
35
35
34
34
34
34
34
34
34
34
34
34
34
35
35
35
35
35
34
34
35
35
36
37
38
38
38
37
38
40
43
45
46
45
43
41
40
38
37
36
34
33
32
32
32
32
32
33
34
34
34
33
31
29
29
33
42
57
81
111
144
171
184
178
153
116
79
51
34
28
27
28
27
25
23
23
24
24
24
24
24
25
26
27
27
27
28
29
30
30
31
32
32
33
34
35
35
36
36
37
38
39
40
41
42
44
45
47
49
50
52
53
54
56
57
58
59
59
59
59
59
59
58
57
56
54
52
49
47
45
43
41
40
39
37
36
35
34
34
33
33
33
32
32
32
32
32
32
32
32
32
32
32
33
33
33
33
33
34
34
34
35
35
34
34
33
34
34
35
35
36
35
35
34
34
34
34
34
35
35
35
35
35
35
34
34
33
34
34
35
35
35
34
34
33
34
34
34
34
35
35
35
35
34
34
35
35
37
38
38
39
39
39
40
42
44
45
46
44
43
41
38
36
34
33
32
32
32
32
32
32
33
34
35
35
33
31
29
29
33
42
58
80
110
142
168
179
169
140
99
61
33
21
20
24
28
28
26
25
24
25
26
26
25
25
26
27
27
28
29
29
30
30
31
31
32
32
33
34
35
35
36
36
37
38
40
41
42
43
43
44
44
46
48
50
52
53
53
54
54
55
55
56
56
55
55
54
54
53
52
50
48
45
42
40
39
38
38
37
36
34
34
33
33
33
33
33
33
32
32
33
33
33
33
33
32
32
32
33
34
35
36
36
36
35
35
35
35
35
36
37
37
37
37
37
37
36
36
35
35
35
36
36
36
35
35
35
35
36
36
36
36
36
35
35
35
35
35
35
36
37
39
39
40
40
41
43
44
46
46
45
43
41
39
37
36
34
33
33
33
33
32
32
32
33
34
34
34
32
31
31
33
40
52
72
100
133
165
184
183
158
117
72
38
20
17
22
27
29
27
25
25
26
27
28
27
27
27
28
29
30
30
30
30
31
32
33
34
35
35
36
36
37
38
39
41
41
42
42
43
43
44
46
48
49
50
52
53
54
55
56
57
57
57
57
57
57
57
57
56
55
53
51
49
47
45
44
42
40
39
38
37
36
35
35
35
35
35
35
35
34
34
33
34
34
35
35
36
35
35
35
35
35
36
37
37
38
38
37
37
37
38
38
37
37
37
37
37
37
38
38
39
38
38
37
36
36
36
36
37
37
37
37
36
37
38
39
40
40
40
41
42
44
46
47
47
46
44
42
41
39
37
36
34
33
33
33
33
33
33
34
35
36
35
34
31
29
30
35
45
62
87
118
151
177
187
174
142
99
58
30
18
18
23
27
27
25
24
24
25
26
26
26
25
25
26
27
28
29
29
30
31
31
32
33
33
34
35
36
37
37
38
38
39
40
41
42
44
45
46
48
49
50
52
53
54
55
56
57
57
57
57
57
57
57
56
55
53
51
49
47
45
43
41
40
38
37
36
35
34
33
32
31
31
31
32
32
33
33
33
32
32
32
33
33
34
34
34
34
34
34
35
35
35
36
36
36
36
36
36
36
36
35
35
35
36
36
36
36
36
36
36
36
36
36
36
36
36
36
36
35
34
35
35
37
38
39
39
39
39
40
42
45
46
46
45
43
41
39
37
35
34
33
32
32
32
32
32
32
32
33
34
33
32
29
28
29
35
46
66
93
126
158
180
184
167
133
93
57
33
23
22
25
26
25
24
23
24
24
25
25
24
24
25
26
27
28
28
29
29
30
31
32
33
34
34
35
35
36
37
38
39
40
40
41
42
44
45
46
47
49
50
52
53
54
55
56
57
58
58
59
59
58
58
56
55
53
51
49
47
45
42
40
39
37
36
35
33
33
32
32
32
32
32
32
32
32
31
32
32
33
33
34
33
33
34
34
34
34
35
35
34
34
34
35
35
35
34
34
34
35
35
35
35
36
36
36
36
36
36
36
35
35
36
36
36
35
35
35
35
34
34
34
34
34
35
35
35
35
35
36
37
38
39
40
39
39
40
42
45
47
47
46
44
42
40
39
38
36
34
33
32
33
33
34
34
34
35
35
35
33
31
30
30
35
44
60
84
115
147
173
185
176
150
113
76
49
33
28
27
28
27
25
24
24
25
26
25
25
25
26
27
28
28
29
29
30
30
31
32
33
33
34
34
35
36
36
37
38
39
40
41
42
43
44
46
47
49
51
52
54
55
57
58
58
59
59
59
60
60
59
59
58
56
54
51
49
46
44
42
40
39
38
37
37
36
35
34
33
33
33
33
33
33
34
34
34
34
34
34
34
35
35
35
35
35
35
35
35
35
36
36
36
35
35
36
36
36
36
36
36
36
36
36
36
37
37
37
36
36
36
36
36
36
35
35
35
35
35
35
35
35
36
36
36
36
36
36
36
35
35
35
35
35
35
35
36
38
39
40
40
39
39
40
42
44
46
46
45
44
42
41
39
38
35
34
33
33
34
34
34
34
34
35
35
36
35
33
31
31
35
44
60
85
115
147
172
181
169
138
97
60
34
23
23
27
29
28
26
25
25
26
26
26
26
26
27
28
29
29
29
29
30
31
32
33
33
34
34
34
34
35
36
37
38
39
40
41
42
43
44
46
47
48
49
51
52
54
55
55
55
55
55
55
55
56
56
55
55
54
52
49
47
44
42
41
40
39
38
37
36
35
35
34
34
33
33
32
32
32
32
33
33
33
33
33
33
33
34
34
35
35
36
36
36
36
36
35
35
36
36
37
38
38
37
36
36
36
36
37
36
36
36
36
36
36
37
37
36
36
36
36
36
35
35
35
35
36
36
36
36
36
35
35
34
35
36
37
38
39
40
40
40
40
41
43
45
47
47
46
45
43
41
38
36
34
33
33
34
34
34
34
33
34
35
36
35
33
31
30
32
38
49
68
94
127
160
182
185
164
126
82
45
23
18
22
27
30
28
26
26
27
28
29
28
27
27
28
30
30
31
31
31
32
33
34
34
35
35
36
37
37
38
39
40
40
41
41
42
43
44
45
47
49
50
51
51
52
53
54
56
57
57
57
57
56
55
54
54
53
53
51
50
48
45
44
42
40
39
38
37
36
36
35
35
35
34
34
35
35
34
34
34
35
35
35
35
35
36
36
36
36
36
36
36
36
37
38
39
39
40
39
39
38
38
38
38
37
37
38
38
39
39
39
38
38
38
38
38
39
39
38
37
37
37
37
37
37
37
37
37
37
38
39
40
41
42
42
43
44
46
47
48
47
46
45
43
41
40
38
36
34
33
34
34
35
35
35
36
36
36
36
34
32
31
33
40
52
73
101
134
166
185
185
163
125
81
45
25
19
22
27
29
28
27
26
27
28
28
27
26
27
28
30
31
31
31
31
32
33
34
35
35
35
36
37
37
38
39
40
41
42
43
44
45
46
47
48
49
50
52
54
55
56
57
58
58
59
59
59
59
59
58
57
55
54
52
49
47
45
43
42
40
39
38
37
36
35
34
34
34
33
33
33
34
34
34
34
34
34
33
34
34
35
36
36
36
35
35
35
36
36
36
36
37
37
37
37
37
37
37
37
37
37
38
38
38
38
37
37
37
37
37
37
37
36
36
36
36
36
36
36
36
36
36
35
35
36
36
36
36
37
37
39
40
41
41
41
41
41
43
45
47
47
46
44
42
41
39
37
36
34
33
33
34
34
34
34
34
35
35
35
34
32
30
31
36
46
64
91
123
156
181
189
177
146
107
70
43
29
26
26
27
27
25
25
25
26
26
26
26
26
27
28
29
30
30
30
31
32
33
33
34
35
35
36
37
38
39
39
40
41
42
43
44
45
46
48
49
50
51
53
55
56
58
59
59
60
61
61
62
61
61
60
58
57
56
54
52
49
47
44
43
41
40
39
39
38
37
37
37
36
36
36
36
37
37
37
37
37
37
37
37
37
38
38
38
38
39
39
39
39
39
39
39
39
40
40
40
39
39
40
40
41
41
40
40
40
40
40
40
40
40
39
39
39
39
39
39
40
40
40
40
40
40
40
40
39
39
39
39
40
40
40
39
39
40
41
43
44
44
43
43
43
45
47
50
51
51
49
48
46
45
43
42
40
39
38
38
39
39
38
38
38
39
39
38
37
35
34
35
41
53
72
100
132
164
185
189
174
142
105
72
49
37
34
34
33
31
30
29
29
30
30
30
29
29
30
31
32
32
33
33
34
34
35
36
37
37
38
39
39
40
41
42
43
43
44
44
45
47
49
50
52
53
54
54
56
57
59
60
61
62
63
63
63
63
62
61
60
58
56
55
53
50
48
45
43
42
40
40
39
38
38
37
37
38
38
37
37
36
36
36
36
36
37
37
37
37
38
38
38
39
39
39
38
38
38
39
39
39
38
38
38
39
39
39
40
40
40
39
39
38
38
38
39
40
40
40
39
39
38
38
38
39
39
39
39
39
39
39
39
38
38
38
39
39
39
39
38
38
39
40
42
43
43
43
42
43
44
47
49
50
50
48
46
44
42
40
39
38
37
37
37
37
36
36
36
38
39
39
37
35
33
33
37
45
59
79
106
138
166
182
179
155
116
75
44
28
24
28
31
31
30
28
28
30
31
30
29
27
27
28
30
31
32
33
33
34
35
35
35
35
35
36
37
38
39
39
41
42
43
43
44
44
44
45
47
49
50
51
52
53
55
56
57
58
58
58
58
58
58
57
56
55
53
51
50
49
48
47
45
43
41
39
38
37
37
38
38
38
37
36
36
36
36
36
36
36
36
37
37
37
38
37
37
38
38
39
40
40
39
39
39
39
40
40
40
40
39
39
39
40
40
40
39
39
39
39
39
39
39
39
38
38
39
39
39
39
38
38
38
38
39
39
39
38
38
38
39
40
41
42
43
42
42
42
43
44
46
48
49
49
48
47
45
44
42
40
39
37
37
36
36
36
36
37
38
39
39
38
36
34
33
34
40
51
70
97
130
163
185
189
169
131
86
49
27
20
24
29
31
31
29
29
29
30
30
29
28
29
30
32
33
33
33
33
34
35
36
37
37
37
38
38
39
40
41
42
42
43
44
45
46
47
47
48
49
50
52
54
55
57
58
58
59
59
59
60
60
60
59
58
57
55
54
53
51
49
47
45
44
43
42
40
39
38
38
38
38
37
37
37
36
37
37
37
37
37
37
37
37
37
38
39
39
39
39
39
39
40
40
40
40
40
41
41
41
41
41
41
41
41
41
41
40
40
40
40
40
40
41
41
40
40
40
40
40
40
39
39
40
41
42
43
44
44
44
45
46
47
48
49
49
48
47
46
45
43
40
38
36
35
36
37
37
37
37
38
38
38
37
35
33
33
35
42
55
76
104
137
168
187
186
163
124
81
47
28
23
26
29
31
29
28
27
28
30
30
29
29
29
30
31
33
33
34
34
35
35
36
36
37
38
38
39
39
40
41
42
42
43
44
45
46
47
49
50
52
53
54
55
57
58
59
60
60
61
61
61
61
61
61
60
58
56
54
52
50
48
46
44
43
41
40
38
37
36
36
36
36
36
36
36
35
35
35
36
36
36
36
37
36
36
37
37
37
38
38
38
37
37
37
38
38
39
39
39
39
39
39
39
39
39
39
39
39
39
39
39
39
38
38
38
38
38
38
38
38
38
38
38
38
38
39
40
42
42
42
42
42
43
45
47
49
49
48
46
44
43
42
40
39
37
36
36
36
36
36
36
36
37
38
38
37
35
33
32
35
43
57
80
110
143
172
187
183
159
123
85
54
37
30
30
30
30
28
27
27
28
28
28
28
28
28
29
30
31
32
32
33
34
34
35
35
36
36
37
38
39
40
40
41
41
42
43
45
46
47
48
50
51
52
54
55
56
58
59
59
60
61
61
62
62
62
61
60
59
57
55
53
51
48
46
44
42
41
40
39
39
38
37
36
36
35
36
36
36
36
37
37
36
36
36
37
37
37
37
38
38
38
37
37
38
38
38
38
38
38
39
39
39
38
38
39
39
39
38
38
38
39
39
39
38
38
38
39
39
39
38
38
38
38
38
38
39
39
38
38
38
39
39
39
39
40
41
42
43
43
42
42
44
46
48
50
50
49
47
46
44
43
41
40
38
37
36
36
37
37
37
38
39
39
39
37
35
33
34
38
46
62
85
115
147
174
186
178
153
117
81
54
39
34
33
32
31
29
28
28
29
29
29
28
28
29
30
31
31
32
32
33
34
35
36
36
37
37
38
38
39
40
41
41
42
43
45
46
47
47
48
49
51
52
53
54
56
57
59
60
60
61
61
61
61
61
61
61
59
57
55
53
50
48
46
44
43
41
40
40
39
38
37
37
36
35
35
35
35
36
36
36
36
36
36
37
37
37
37
37
38
38
38
39
39
38
38
38
38
38
39
39
39
39
38
38
38
39
39
38
38
37
38
38
39
39
38
38
37
37
37
37
37
37
37
38
38
38
38
38
37
37
38
38
38
38
38
39
40
41
42
42
41
41
42
44
47
49
49
48
46
44
42
40
38
37
36
35
36
36
35
35
34
35
37
38
38
36
33
32
32
37
47
64
87
117
148
172
179
166
134
93
56
32
24
25
30
32
31
28
26
27
28
29
29
28
27
28
29
31
32
32
33
33
34
34
35
35
36
36
37
38
39
39
40
41
41
42
43
44
45
45
46
47
49
50
52
54
55
55
55
56
56
57
58
58
58
57
56
54
53
53
52
50
49
47
45
43
41
40
39
39
38
38
38
37
37
36
36
36
37
37
37
37
37
37
38
38
38
39
39
38
38
38
39
39
40
40
40
40
41
41
41
40
40
40
40
40
41
41
42
41
41
40
40
39
39
39
39
38
38
39
39
39
39
40
40
39
39
39
39
40
42
43
43
43
43
43
44
46
49
51
51
50
49
47
45
43
41
39
38
38
39
39
38
37
37
38
39
41
41
39
37
36
37
42
53
70
96
128
161
184
188
169
131
87
50
28
22
26
31
34
32
30
29
30
31
32
32
31
31
31
32
34
34
35
35
36
36
37
37
38
39
40
41
41
41
41
42
43
44
45
46
47
48
49
51
52
53
54
55
56
58
59
59
60
60
60
60
60
61
60
60
59
57
55
53
51
49
48
47
45
44
42
41
41
41
41
40
40
39
39
39
39
39
39
39
39
39
39
39
40
40
40
40
40
41
41
41
41
41
41
42
42
43
43
43
42
42
42
43
43
43
43
43
42
42
42
42
41
41
42
42
42
42
41
41
41
41
42
44
45
45
45
45
45
46
48
50
52
52
51
50
49
47
45
43
41
39
38
38
39
39
39
39
39
40
41
41
39
37
35
34
37
45
59
81
110
143
173
189
185
159
119
77
44
27
23
27
31
33
31
30
29
30
32
32
31
31
31
32
33
34
34
35
35
36
38
39
39
39
40
40
40
41
42
42
43
44
45
46
47
49
50
51
52
53
54
56
57
58
59
61
62
62
63
63
63
62
61
61
60
59
58
56
54
52
49
47
46
44
43
42
41
40
40
39
39
39
38
38
37
37
38
38
38
38
38
38
38
38
38
39
39
39
40
40
41
41
41
40
40
40
41
41
41
41
41
42
42
42
42
42
41
41
41
41
41
42
42
41
41
40
40
40
41
41
41
41
41
40
40
40
41
42
43
44
44
44
45
47
49
51
51
50
48
47
45
44
43
41
40
38
38
38
38
38
38
38
39
39
39
38
37
35
35
38
45
59
80
109
142
172
188
186
164
128
89
58
38
31
30
32
32
31
30
30
30
31
30
30
30
31
32
33
34
35
35
35
36
37
37
38
38
39
40
41
42
43
43
44
45
45
46
46
47
49
50
52
53
54
56
57
58
60
61
61
62
63
63
64
64
64
63
62
61
59
57
55
53
51
49
47
45
44
42
41
41
40
40
39
39
38
38
38
39
39
40
40
40
39
39
39
40
40
40
40
40
40
40
40
41
41
41
40
40
41
41
41
42
42
41
41
41
42
42
42
42
42
42
42
41
41
41
41
41
40
40
40
40
41
41
41
41
41
41
41
41
42
41
41
41
42
43
44
45
45
45
45
46
48
51
52
52
51
49
47
46
45
43
42
40
39
38
38
38
38
39
40
41
41
41
39
37
35
35
39
48
64
87
117
149
175
187
179
154
119
84
57
42
36
35
35
33
32
31
31
31
31
31
30
31
32
33
33
34
34
35
36
36
37
38
38
39
39
40
41
42
42
43
44
45
46
46
47
49
50
52
54
55
57
58
59
60
62
63
64
64
64
64
64
65
65
64
64
62
60
58
56
54
51
50
48
47
45
44
43
42
41
40
40
40
40
40
40
40
40
40
39
39
39
40
41
41
41
42
42
42
42
42
42
43
43
43
42
42
42
42
42
42
42
43
43
43
42
42
42
43
43
42
42
43
43
42
42
42
41
41
41
42
42
42
41
41
40
41
41
41
42
42
42
42
42
41
41
41
41
42
42
42
42
42
43
44
45
45
45
45
45
47
49
51
52
52
51
49
47
45
44
42
41
40
39
39
39
39
39
40
41
41
41
40
38
36
36
39
46
58
78
105
137
166
184
181
157
119
78
47
30
28
32
36
36
34
31
31
32
33
34
33
32
32
32
33
34
35
35
36
36
37
37
38
40
41
42
43
43
42
42
43
43
44
46
47
48
48
49
50
52
53
54
55
57
58
58
59
60
60
60
60
60
60
59
59
58
57
56
54
52
50
48
47
46
44
43
42
41
41
41
41
40
40
39
39
39
40
40
41
41
41
41
41
41
41
42
42
42
42
42
43
44
44
45
45
45
44
44
44
44
44
44
44
43
42
42
42
43
43
43
43
43
43
42
41
41
42
42
43
43
43
43
43
43
43
42
42
42
42
43
43
43
43
43
43
44
46
47
47
47
47
48
50
52
53
54
52
51
49
47
46
45
43
42
41
41
42
42
41
41
41
42
42
43
41
40
38
39
43
52
68
93
124
157
183
192
179
146
103
62
36
25
27
32
36
36
34
33
33
35
36
35
34
34
34
36
37
38
38
38
38
39
41
41
42
42
42
42
43
44
45
46
47
47
48
49
50
50
51
52
53
54
56
57
59
60
62
63
63
63
64
64
64
63
63
63
62
61
60
58
56
55
53
51
49
47
46
44
44
44
43
43
43
42
42
41
41
41
42
42
42
42
42
42
42
43
43
43
43
44
44
44
45
45
45
45
45
45
45
46
46
46
46
46
45
45
45
45
44
44
45
45
44
44
44
44
43
43
43
43
43
43
44
44
44
44
44
43
43
43
43
44
46
47
48
48
48
49
50
51
53
54
54
53
51
50
49
47
45
43
41
40
40
41
41
41
41
41
42
42
42
41
39
38
38
42
52
68
92
123
156
182
192
181
150
109
69
42
29
28
32
35
35
33
32
32
33
34
34
33
33
33
34
35
36
36
36
37
38
39
39
40
41
41
42
43
44
44
45
46
47
48
48
49
50
52
53
55
56
57
59
60
61
62
63
64
65
65
65
65
66
65
65
64
62
60
59
57
54
52
50
48
47
45
44
43
42
42
41
41
41
41
41
40
40
41
41
41
41
41
41
42
42
42
42
42
42
42
42
43
43
44
44
44
44
44
44
44
44
44
44
44
44
44
44
44
44
43
43
43
44
44
44
43
43
43
43
43
43
43
43
43
43
43
43
44
44
43
43
43
44
46
47
47
47
47
47
49
51
53
54
54
53
51
49
48
46
45
43
42
41
41
42
42
41
41
42
43
44
43
42
40
39
40
46
57
76
103
135
167
189
194
179
146
108
73
49
38
35
36
36
35
34
34
34
34
34
34
34
35
36
37
37
37
38
38
39
41
42
42
43
43
44
45
46
46
47
47
48
48
50
51
52
53
54
55
57
58
59
61
62
64
65
66
67
68
69
69
69
68
68
67
67
66
64
62
60
58
56
53
52
50
49
48
46
46
45
45
45
45
44
44
44
44
44
44
44
45
45
45
45
46
46
46
46
45
45
45
46
46
46
46
47
47
46
46
46
47
47
47
47
47
47
46
46
46
46
47
47
47
47
46
46
46
46
46
46
46
46
46
46
46
46
47
47
47
46
46
47
47
47
47
47
47
47
47
48
49
50
50
50
50
52
54
56
58
58
57
55
54
52
51
50
48
46
45
44
44
45
45
45
45
46
46
45
44
42
41
41
45
53
68
91
121
153
180
192
185
161
127
92
65
49
43
42
41
40
38
37
36
36
37
37
36
37
38
39
39
40
40
41
42
43
43
44
45
45
45
46
47
47
48
50
51
51
52
52
53
53
55
56
57
58
60
62
63
65
66
67
67
68
69
69
69
69
69
69
68
67
65
64
62
59
56
54
52
50
49
49
48
48
47
45
45
44
44
45
45
45
45
44
44
44
45
45
46
46
46
45
45
46
46
46
46
46
46
46
47
48
48
48
47
47
47
47
48
48
47
47
47
47
47
48
48
47
47
46
46
47
47
47
46
46
47
47
47
47
47
47
47
47
47
47
47
47
47
46
46
46
46
46
46
47
49
51
51
51
50
50
51
53
55
57
57
56
55
53
51
50
48
47
45
45
45
45
45
44
44
45
46
46
46
44
42
41
43
47
56
72
94
124
155
180
190
178
147
106
68
43
32
33
38
41
41
38
37
36
37
38
38
37
37
38
38
39
39
40
41
41
42
43
43
43
43
44
45
46
47
47
48
49
51
52
53
53
53
53
54
55
57
58
59
60
61
62
63
65
66
67
68
67
67
65
64
63
63
62
61
59
57
54
53
52
51
51
49
48
46
45
45
46
46
46
45
44
44
44
44
45
45
45
45
46
46
47
47
46
46
46
46
47
48
49
49
49
49
48
48
48
48
48
48
48
48
47
47
48
48
47
47
47
47
47
47
47
47
47
47
47
47
47
46
46
46
47
48
48
47
46
46
47
49
51
52
51
51
51
51
53
55
57
57
56
55
54
52
51
48
46
44
44
44
45
45
45
45
45
45
46
45
44
42
41
42
46
54
69
91
121
154
181
193
184
154
112
72
44
31
31
35
39
39
38
36
36
37
37
36
36
36
37
38
40
40
40
40
40
41
42
43
43
44
45
45
46
46
47
48
49
50
50
51
52
52
53
55
56
57
59
60
61
62
64
65
65
66
66
65
65
66
66
65
65
64
63
61
59
57
55
53
51
50
48
47
46
45
45
45
45
44
44
43
43
43
44
44
45
45
45
44
44
44
45
45
45
45
46
46
47
47
47
47
47
47
46
46
46
46
47
47
47
47
47
47
47
47
47
47
47
46
46
45
45
45
46
46
46
45
45
45
45
46
46
46
46
46
47
48
49
49
49
49
50
51
53
55
57
57
56
54
52
50
49
47
46
44
43
43
43
43
43
43
43
44
45
45
44
42
40
41
44
53
69
93
124
157
183
193
183
153
114
76
50
37
34
36
38
38
36
35
35
36
36
36
36
36
36
37
38
38
39
39
40
41
42
43
43
44
44
45
46
47
47
48
49
49
50
51
52
54
55
56
57
58
60
61
62
64
65
66
67
68
69
69
69
69
68
68
67
66
64
62
60
58
56
54
52
50
49
48
47
46
45
44
44
44
44
44
44
44
44
44
44
44
45
45
45
45
45
45
45
45
45
46
46
46
46
47
47
47
46
46
47
47
47
46
46
46
47
47
47
47
47
47
47
46
46
46
47
47
47
47
46
46
46
47
47
47
46
46
46
46
46
46
46
46
47
47
49
50
50
50
50
51
52
54
56
57
57
56
54
53
51
50
48
46
44
43
43
44
44
44
44
44
45
46
45
43
41
40
41
46
57
75
101
132
163
185
192
178
149
112
78
55
43
40
40
39
38
36
36
36
37
37
37
36
36
37
38
38
39
39
40
41
42
43
43
43
44
44
45
46
47
47
48
49
49
50
51
53
54
55
56
57
59
60
62
63
64
66
67
68
68
69
70
70
70
69
69
68
67
65
63
61
59
57
54
53
51
50
49
48
47
46
45
44
44
44
44
44
45
45
45
44
44
45
45
45
45
45
45
45
45
46
46
46
46
46
46
46
47
47
46
46
46
46
46
46
46
47
47
47
47
47
47
47
47
47
47
48
48
48
47
47
47
47
47
47
47
47
47
47
47
47
47
47
47
47
47
47
47
47
47
48
49
51
51
51
51
51
52
54
56
57
57
56
54
53
51
49
47
45
44
44
45
45
46
45
45
45
46
46
45
44
42
41
42
48
59
77
104
135
166
186
189
173
141
103
70
50
41
39
40
40
38
36
36
36
37
36
36
35
35
37
38
39
39
39
39
40
41
41
42
43
44
45
46
46
46
47
47
48
49
50
51
52
53
54
55
56
57
58
60
62
64
65
66
67
67
67
67
67
68
67
67
66
65
63
62
60
58
55
54
52
51
50
48
47
47
46
46
45
44
44
44
44
44
45
45
44
44
44
44
45
45
46
46
46
47
48
48
48
48
48
48
47
47
47
47
48
48
48
48
48
48
47
47
46
47
47
48
48
47
47
47
47
47
47
47
47
47
47
47
48
48
47
47
47
47
47
46
46
46
46
47
48
50
50
50
50
50
52
54
56
57
57
55
53
51
50
48
47
46
45
44
45
45
44
44
44
45
47
47
46
44
42
41
43
49
60
78
104
135
166
188
192
174
138
95
59
37
30
34
39
42
42
40
38
38
39
39
39
38
38
39
40
40
41
40
41
41
42
44
44
45
45
46
47
47
48
49
50
50
51
52
52
53
55
56
57
58
59
60
62
63
64
65
65
66
66
67
67
67
67
66
66
65
64
63
62
60
58
56
54
53
52
50
49
48
48
47
47
47
46
46
46
45
45
45
45
45
45
46
46
46
47
48
48
48
49
49
49
48
48
49
49
49
49
50
50
50
50
49
49
49
48
48
48
48
48
48
48
48
48
48
48
47
47
47
48
48
48
47
47
47
47
47
47
47
47
48
48
50
51
51
51
51
51
53
54
56
58
58
58
56
55
53
52
50
48
46
45
45
46
46
46
46
46
47
48
48
46
44
43
43
47
56
72
95
125
157
183
193
181
150
110
71
45
34
34
38
40
40
38
37
38
39
40
39
38
37
38
39
41
42
42
42
42
43
44
45
46
46
47
47
48
49
50
50
51
52
53
54
55
55
56
57
59
60
61
63
64
65
66
67
68
69
69
70
70
70
70
69
68
67
66
64
61
59
57
56
55
54
52
51
49
48
47
47
47
47
47
46
46
46
46
46
46
46
47
47
47
47
47
47
48
48
48
48
48
48
48
49
49
49
50
50
50
50
49
49
49
49
49
49
49
50
50
50
50
49
49
49
49
49
48
48
48
49
49
48
48
48
48
47
48
48
49
49
49
48
48
48
48
50
51
53
53
52
52
53
55
58
59
60
58
57
55
53
52
50
49
47
46
45
46
46
46
46
46
47
48
48
47
45
43
43
46
54
68
90
119
152
180
195
191
167
131
94
64
47
41
41
41
41
39
38
38
39
39
39
38
38
39
40
41
41
41
42
42
43
44
44
45
45
46
47
48
49
49
50
50
51
52
53
54
55
56
57
58
60
61
63
64
65
66
67
69
70
71
71
72
72
71
71
70
69
67
66
64
62
59
57
56
54
52
51
50
49
48
48
47
47
47
47
47
47
47
47
47
47
47
47
48
48
48
47
47
47
48
48
49
49
49
49
49
49
49
50
50
50
50
50
50
50
50
50
51
51
50
50
50
50
50
50
50
50
50
49
49
49
49
49
49
49
50
50
49
49
49
49
49
49
49
49
49
49
49
49
49
49
50
51
52
53
53
52
52
53
55
58
60
60
59
57
55
54
52
51
49
48
47
46
47
47
47
46
46
47
47
48
47
45
44
44
46
53
66
87
115
147
175
190
188
166
133
97
68
52
45
45
45
43
41
39
38
38
39
39
38
38
39
40
40
41
41
41
42
43
44
45
45
46
46
47
48
48
49
50
51
52
52
53
54
55
56
58
58
59
61
62
64
66
68
69
70
70
71
72
72
72
72
71
71
70
68
67
65
62
60
58
56
55
53
52
50
49
48
47
47
47
47
47
47
47
47
47
46
46
46
47
47
47
47
47
47
47
47
47
47
47
48
48
48
48
48
48
48
48
48
48
48
48
47
48
48
48
48
48
48
48
48
48
48
48
48
48
48
47
47
47
47
47
47
47
48
47
47
47
47
47
48
48
48
48
48
48
48
48
48
47
47
46
46
47
47
47
47
47
47
47
49
51
52
52
51
50
50
51
53
56
58
59
58
56
54
52
50
48
47
46
45
45
45
44
45
45
46
48
48
47
45
43
42
43
49
59
77
102
133
163
184
188
171
137
98
64
43
35
36
40
41
39
37
36
37
39
39
38
37
36
37
38
39
40
40
41
41
42
43
44
45
45
46
46
46
46
47
48
49
50
50
51
51
52
54
56
58
59
59
60
60
61
63
64
65
67
67
68
68
67
67
66
65
63
62
61
60
58
57
55
54
52
51
49
48
47
46
45
44
44
44
44
45
45
45
45
46
46
46
46
46
46
46
46
46
47
48
48
48
47
47
48
48
49
48
48
48
48
48
48
48
48
48
47
47
47
48
48
48
48
48
48
48
48
48
48
47
47
47
46
46
46
47
47
47
47
46
46
46
46
47
47
47
47
47
47
47
47
46
47
47
49
50
51
51
51
51
52
54
56
58
58
57
55
54
52
51
50
48
47
46
45
45
45
45
45
46
47
47
47
45
43
42
43
47
55
71
94
126
160
187
197
185
152
109
70
44
34
35
40
42
41
38
37
37
38
39
38
37
37
38
39
41
41
41
41
42
43
44
45
45
46
46
47
47
47
48
49
50
51
53
53
54
54
55
56
57
59
60
61
62
63
64
65
66
67
67
68
67
67
67
66
66
65
64
63
61
59
57
55
54
53
52
50
48
47
46
46
46
47
46
46
45
45
44
45
45
45
46
46
46
46
46
47
47
47
47
48
48
48
47
47
47
48
48
48
48
49
49
49
49
48
48
48
49
49
49
48
48
48
47
48
48
48
48
48
48
47
47
47
47
47
48
48
48
48
47
47
47
47
47
47
47
48
49
50
50
51
51
51
52
54
56
57
58
57
56
55
53
52
50
48
46
45
44
45
45
45
45
45
45
46
47
46
44
41
41
43
49
61
80
107
140
171
192
194
175
140
99
64
43
35
36
39
40
39
37
36
37
38
39
38
37
37
38
39
40
41
41
41
42
42
43
44
44
45
46
46
47
48
48
49
50
51
52
53
54
54
55
57
58
59
60
62
63
65
66
68
69
69
70
70
70
71
70
70
69
68
66
65
63
60
58
56
53
52
50
49
48
48
47
47
46
46
46
46
46
46
46
46
46
46
46
46
46
47
47
48
48
48
48
48
48
49
49
50
50
49
49
49
50
50
51
50
50
49
49
49
50
50
51
50
50
50
50
49
50
50
50
49
49
49
50
50
50
49
49
49
48
49
49
49
49
49
49
49
49
49
49
49
50
51
52
52
53
52
52
53
55
58
60
60
60
58
56
54
53
51
49
48
47
47
47
47
47
47
47
48
49
49
48
46
44
43
46
53
66
88
118
151
180
197
195
173
139
101
70
52
44
43
44
43
41
39
38
38
39
39
39
39
39
40
41
42
42
42
43
44
45
46
46
46
47
48
48
49
50
51
51
52
53
54
55
56
57
58
59
60
62
63
65
66
67
68
69
71
72
72
73
73
72
72
72
71
70
68
66
64
62
59
57
55
53
52
51
50
49
49
48
47
47
46
46
47
47
48
48
48
47
47
48
48
48
48
49
49
49
49
49
50
50
50
49
49
49
49
49
49
50
50
50
50
50
50
51
51
50
50
50
49
49
50
50
49
49
49
50
50
50
49
49
49
49
48
48
48
48
49
49
49
49
49
49
49
49
49
50
49
49
48
48
49
49
49
49
50
51
52
53
53
53
53
53
55
57
59
61
61
59
58
56
54
53
51
50
48
48
47
48
48
47
47
48
48
49
48
46
44
43
44
50
61
80
106
137
168
189
194
179
149
113
80
59
48
45
45
44
42
40
39
39
40
40
39
39
39
40
41
42
42
42
43
44
44
45
46
46
47
47
48
49
50
50
51
52
52
53
55
56
